1.21647384463
0.491090689835
0.582074269159
0.286188511121
0.185640167634
0.191460019137
0.0896071262601
0.0791299650528
0.140792873703
0.257074307109
1.2276536666
1.23420714767
0.142513489751
0.152808641439
0.421248803752
0.0752755323517
0.192186579336
0.26796047403
0.154700178511
0.235922950901
0.301170555735
1.55593940474
1.41592291969
0.680950604304
0.113503567417
0.292792174531
0.340349447447
0.22055980894
0.076830181008
0.263971472815
0.173674691298
0.401852589852
1.6181760398
1.59535871384
0.0827883415321
0.162034040824
0.101649232033
0.126410050327
0.115921508523
0.155709974066
0.0483062954306
0.155679350877
0.0927059644255
1.78152123801
1.84737957265
0.396765512002
0.0910294155022
0.133811887588
0.0982166395021
0.11185808456
0.153343923974
0.171940754068
0.939625282958
0.904264760963
1.74703487485
1.74175390992
0.122251362415
0.158394393782
0.130281323769
0.251211636961
0.161907132994
0.141649814308
0.250619762757
0.166658041881
0.100537851091
2.01982539009
2.05286928646
0.117209169495
0.159421445705
0.260140670926
0.264995408052
0.128042729639
0.325657659041
0.371459065578
0.0989795379355
0.15937684748
2.09537793772
2.05907412458
0.399381227778
0.334277338514
0.118529331643
0.0676975308581
0.204953225154
0.147910742024
0.0917020956256
0.161219053389
0.162447671838
2.0357872675
2.01091977169
0.159246710505
0.075456848422
0.12311195854
0.0881930123781
0.122001651524
0.0664608823497
0.0969675707467
0.0612288471161
0.150977588508
2.27893756173
3.89237345551
4.85979990722
0.0811401830306
0.0474921401199
0.0577339429329
0.0784833727893
0.210737814237
0.109100346903
0.246043588822
0.276583045684
2.44546551811
0.558410854194
2.50516256079
0.0900779827124
0.0849765636131
0.108058325117
0.142102469338
0.122749476658
0.0849181350478
0.0752942702093
0.0987929725148
0.204079114765
2.34648267628
2.51485062437
0.146495151354
0.278693385176
0.295118028225
0.0973529546869
0.0792450349845
0.0768421322362
0.100399247867
0.0638758973822
0.0837714906217
2.67232016003
2.63828465449
0.0405304280673
0.150862154637
0.0814525683537
0.577316150721
0.701391639772
0.103335116324
0.158048269684
0.158959011275
0.0885998179712
2.44203808259
2.59325772578
0.112375154027
0.0607656656439
0.0693691062775
0.0734217832229
0.127632642175
0.0770205135626
0.0961550876963
0.123899342122
0.256216808189
2.68997657431
2.77274431515
0.209860482505
0.129528390157
0.0594938764609
0.212574586996
0.317853683169
0.176711101485
0.126214726614
0.109394207903
0.0618192954963
2.94740667447
2.92404985374
0.173633918107
0.104686897312
0.104357594672
0.107444191178
0.0717771102457
0.320107579105
0.278317339163
0.149640417549
0.0882132158903
2.39667275194
2.41543412757
0.403440532473
0.216752366985
0.111194293341
0.130001011786
0.243387539531
0.26187153321
0.289849848564
0.194332800573
0.15883936032
2.72075834289
2.65434508023
0.696971465385
0.158970521414
0.368851607049
0.277017372528
0.516441261684
0.128393485526
0.0755917371733
0.0479178980224
0.0909497055206
2.48124190515
2.52044187632
0.138294272207
0.119889740193
0.0862560176392
0.144168722245
0.126864744593
0.0693904485808
0.206962050951
0.339396192729
0.130656597392
2.43989289536
2.4941244291
0.0644674069977
0.0738968250842
0.117404836074
0.108668728256
0.108481612318
0.246163021756
0.110869748096
0.314390405218
0.177042916379
2.43927705794
0.688264142586
2.71689701067
0.0636894429857
0.168796737207
0.211945197327
0.114784768319
0.0649069608528
0.0580832754352
0.0608560758637
0.0721617990067
0.0919102536133
2.53388950302
2.45856235538
0.0882449058229
0.115429469464
0.0852864038912
0.0725045347578
0.0775412822839
0.0832073348594
0.0650207003096
0.0752080434318
0.0569678443086
2.50270662645
2.48741793879
0.165741473519
0.236773926454
0.317261108909
0.138615698636
0.236065540331
0.210989884708
0.0489654246648
0.0886414258122
0.0884032027045
2.5572092346
2.48791028089
0.106299657437
0.512491551882
0.0488540021083
0.0599725506066
0.140132121294
0.17123646349
0.0839376029844
0.0821456301461
0.10087057287
2.63121057177
2.69532232383
0.194088511223
0.165187628567
0.101328835861
0.131417776564
0.155340197468
0.107932937818
0.0583924259555
0.157627564156
0.0416433309893
2.67168698802
2.69453601477
0.0744378142019
0.132276378045
0.0772210981048
0.080296639396
0.0980275183288
0.159755275677
0.117232969699
0.143567234993
0.117469481285
2.76333350469
2.82366465523
0.128686939425
0.126463497943
0.064712866806
0.158777324964
0.136750817883
0.151255051607
0.0773575938672
0.0911789273224
0.115680218194
2.89393779157
2.86974827994
0.107419640679
0.0813215379685
0.0683389546944
0.30336070964
0.0539667910794
0.0664256813591
0.123101098257
0.12607177319
0.116965531561
2.8841386942
2.90449992084
0.0879559272659
0.0878451849507
0.12042354927
0.103258608263
0.0700507965295
0.0498326164959
0.0960609540381
0.0801299938188
0.0358843185412
3.07848881531
3.03075304605
0.0666572653809
0.111451856476
0.112804790645
0.10818076256
0.0702995686947
0.0739364406539
0.0642396518215
0.0722330562839
0.0585715279527
3.07455023381
0.889829898593
3.6163977978
0.129545925154
0.306558011171
0.296958463244
0.0507181236718
12.7489213569
0.578514331609
0.267475772231
0.346481413409
0.214640632852
10.5527105732
10.5010924097
0.299318587596
0.455176154019
0.146618707351
0.190557708345
0.454513584028
0.205187439247
0.237976042844
0.373557285681
12.4528397246
3.22014899168
3.20557330293
0.0957403941719
0.0957064747078
0.0439748657769
0.157559768806
0.312363103172
0.116682728299
0.0698909201233
0.127630369363
0.0817428250082
3.28680866337
3.26022040357
0.178993093291
0.0457545232258
0.106154776427
0.0566778723613
0.0492067335618
0.050701773136
0.0666007005969
0.130460639149
0.152281849728
3.42816105959
3.4588069824
0.0645150848974
0.0814981315469
0.0390370685719
0.0591389833841
0.118345999408
0.0936529612384
0.123898347087
0.125901082471
0.0742221499967
3.58296859471
3.60448244816
0.118253791852
0.2505364928
0.254260658697
0.125374524757
0.0885850967069
0.170526223762
0.180301531554
0.0481044574318
0.102329684572
3.58597011687
3.60002298186
0.0961091302982
0.0460635690825
0.0404888136936
0.162884946886
0.15927397113
0.0990481989985
0.0744293970779
0.0373014862348
0.0775867765788
3.51026195037
3.53343179229
0.0987505496503
0.0710510881476
0.0847694962276
0.113353826548
0.167343428001
0.190880916281
0.0862676681154
0.0423652238214
0.0875747232659
3.61496683863
3.63983004995
0.110433095083
0.105672460177
0.0812601489886
0.0787535549355
0.0938193494259
0.0873752130309
0.101099038445
0.0993948745935
0.0899730025109
3.72905084402
3.62773722422
0.05454095957
0.129039710619
0.151373804276
0.0547950524652
0.107713548296
0.347364523392
0.151346703831
0.166500433575
0.0253457841328
3.63693916685
1.12975987379
4.44980145775
0.0542573813432
0.0970663813477
0.135553837449
0.0780583194051
0.162825743935
0.235521001698
0.137832420368
0.13558342974
0.205770558277
3.67500896541
3.6732100036
0.0638036133943
0.1296760516
0.0601688218233
0.118488210743
0.320201519711
0.381244084039
0.0891290189205
0.0969364506848
0.0728580027413
3.61541675415
3.61538564119
0.0502326721216
0.0762467802537
0.0399559338874
0.0649986992372
0.0596181445979
0.0792651062002
0.086900457214
0.050165731262
0.110356484529
3.79252634898
3.78451004762
0.159541564927
0.0556970805792
0.466499118015
0.468130324408
0.0521109088911
0.0439791493623
0.242407503179
0.0766414693195
0.0834191816466
3.94434043422
4.02935758424
0.200332423879
0.127939855452
0.0643730453832
0.08764529491
0.0338308999437
0.075691229987
0.100101527196
0.518224249764
0.544146049093
4.0118263237
4.05545901857
0.0527719675222
0.0866691427749
0.068785537623
0.0630335822422
0.0536478102422
0.0610571214137
0.0656910675717
0.0687765459106
0.104458503366
3.92301473744
3.87667314025
0.0735641190352
0.078884910915
0.0721211318536
0.0574228326855
0.0761196529371
0.0783212698945
0.109487556736
0.0938431367603
0.240283079035
3.89439668284
3.88840165946
0.106080466238
0.103784972874
0.0456251724181
0.0923771072958
0.104161938709
0.0773323994351
0.0472870467332
0.0699455761242
0.0715897746393
4.03916344123
4.02074013365
0.0848042529955
0.0753377263799
0.173296183295
0.0530786979949
0.0464798510739
0.0536323865874
0.0947932384977
0.099042455373
5.76630779084
3.66622636861
4.19485353406
0.0804514192619
0.0843766057363
0.0899086605734
0.0641733763667
0.11487844225
0.0858458293957
0.059640483412
0.0876779770006
0.0460266372764
4.03015427417
1.16184548113
4.86431168883
0.0913359910183
0.106135981066
0.139619884296
0.0957961215089
0.0535950742376
0.155307486069
0.136071428479
0.0703947252573
0.0687863323251
4.21822309135
4.28455517588
0.189658754799
0.186947057993
0.125898395535
0.0906383045253
0.0719584387457
0.0588724880481
0.0428380875505
0.0679222949625
0.141334021833
4.36253357287
4.35628225577
5.40367145219
5.36488565983
0.0945940324618
0.108500255601
0.102760212558
0.216259281775
0.149483950482
0.057482534255
0.0895347085231
4.43124982751
4.42837642863
0.033041851384
0.113278422822
0.180408007306
0.13585483492
0.0922034573406
0.104242066234
0.075342472597
17.7959107811
17.8147335448
4.42923964025
4.04266241593
6.61054380268
0.0905851835627
0.0593427926644
0.109651092628
0.0659572966729
0.0689742961208
0.0630327946463
0.11667816122
0.0938447505799
4.47054814402
4.58279761486
0.159397165981
0.0737806258013
0.0923350664122
0.105290287574
0.11911347463
0.178504610083
0.124628499977
0.128243840051
0.0526461089544
4.72222003417
4.72249162663
0.135853774339
0.0855243291584
0.109233449226
0.0802043412
0.164602545932
0.0862214668108
0.0677418287156
0.087251208887
0.153705198223
4.73753506684
4.66550331575
0.0913921762027
0.0487821135684
0.0803769594738
0.0497963619781
0.0570357830296
0.0761484447762
0.0670173492557
0.177025946864
0.106343858818
4.72673124316
4.68830054346
0.0543670778445
0.216360152241
0.122053514683
0.133192777026
0.0982004409239
0.0472570762356
0.105121812863
0.0734866455968
0.0675543553965
4.83547764079
4.93004986937
0.0998169889846
0.0727598021877
4.6443961975
0.354136859729
4.75413856168
5.4816338325
5.59193571003
0.144858290213
0.0637671484823
5.08655677651
0.758240269074
5.62524177276
0.116862891597
0.275725056149
0.102834353059
0.209213243373
0.118763622923
0.0979268878485
10.7129679707
4.41697281076
0.2724586021
5.76285371698
5.78759154351
0.201969048278
2.38261845322
0.183872178683
0.192929856385
0.278895702773
0.207893855155
0.107520785571
0.228604072083
0.262660642617
3.91841155011
3.92820852901
0.149701077296
0.137912072325
0.177077278883
0.0428631188624
0.141866005952
0.0660012152109
0.277165407293
0.188873512466
0.201214737463
3.72118350136
3.77441987587
3.10067323429
6.14958307296
5.38007689819
0.183294831874
0.0867132478667
0.179975599262
0.170823298681
0.166495926145
0.199422510794
0.901696037735
0.911911741997
0.303349410933
0.133570027049
0.298685440087
0.176501113598
0.156315878834
0.14996132791
0.422005748006
0.323100770877
0.411923176882
1.04933001113
1.00898923043
0.201002510292
0.0545983397391
0.0838357378718
0.0725699594256
0.142735589795
0.190448215808
0.511331978348
0.341027069555
1.00287543627
1.17091957534
