25.3829192547
18.5189360066
15.1019319532
16.3243345987
19.0547596102
16.174452783
22.8934185418
7.93702257147
12.5319058314
2.75876412931
16.1146808312
29.097584107
18.9495784808
5.35621232898
8.84133888109
9.2829494851
17.7017374671
13.0998709956
5.0373773087
8.20958186904
12.7261538097
12.5487136414
9.32122321915
5.67348669707
8.73198619578
7.9662567437
4.08927848452
22.5337441261
9.87963893358
13.0022714851
3.80101927679
7.5301485606
6.04267848563
13.3205930868
17.2234087992
12.5644344848
16.4502180883
10.6480461287
10.9487671711
28.3175301738
27.2729069292
5.73378002189
10.7453906225
7.07345480994
13.3835803282
10.4603570821
19.1011923835
18.977648099
3.31015760838
12.1992396774
10.5532610416
15.8392513609
11.3325632862
11.9479026297
19.3119721197
19.5424176744
16.1167470357
9.18611861577
5.19653463817
4.37545649909
11.770783084
4.40187217112
2.7377192845
4.7602037108
11.3013215013
28.1563732094
18.9130111357
9.35139824349
19.4487217422
5.25382964415
14.4803539508
14.8960362357
8.6971724045
27.3344638874
17.8387620444
19.1229567199
27.5278463343
27.8611504534
3.43321036785
8.61766279218
8.53520313555
29.5906989156
0.0
27.5175618816
5.67690098796
6.64777220868
7.62686507419
10.603669234
12.667551091
27.3842482413
16.1616161616
13.9458637465
11.9035666323
7.9867836821
7.70617599133
2.47170686535
20.2095466255
21.0204467446
8.53397591617
10.2015719945
8.31517618887
10.6126918113
7.75785800414
15.1714858418
19.446014507
10.3618821482
13.301664151
7.21533776422
5.6170507999
6.08109121875
14.7785913706
7.0488415726
2.90000251816
16.4936935801
4.23311571665
5.69283927819
8.62046940907
15.111213412
15.2308221801
11.6752167714
13.29944798
13.3570770729
7.07521980841
13.1509830503
27.8198459166
16.9125874126
18.0957389523
11.3234724736
10.2808600318
6.27713543565
6.12427932914
18.0671725692
9.34763177139
18.3267713775
10.7905269584
5.18355635063
8.80981005533
11.9146123861
19.9987758393
27.6571499065
7.57852772968
6.63471413487
3.07925697514
18.7021682867
24.0569994545
24.0569994545
15.6388658035
9.88420858486
5.09159759985
4.14734088932
7.66150010478
7.28721653104
19.1225507741
18.7711756565
11.5895490829
13.2789493406
8.17791633955
9.0130232012
9.10536422387
18.8548873924
16.4348039216
28.1322661347
5.53098905592
6.66459663854
5.08624919751
13.1891637492
16.3521211286
7.73934620409
17.0121563613
19.2356181575
13.1316929336
11.3064664203
6.14485235017
9.48047631526
29.9651093336
0.0
27.1316541798
3.80911633882
4.58022489783
8.88849201178
6.70373222971
5.74716339525
13.5172029011
14.7106304594
3.43472228211
2.82699422745
3.89424732366
12.5436598161
14.0060159562
14.8903488496
5.01493752665
12.0960562024
3.84943273994
6.94634270002
27.66311809
16.4348039216
7.75084017867
24.3399320185
12.6593936958
8.13523743745
6.76299514706
7.63330364812
7.77612823012
18.0906999775
14.8109806506
15.9299505776
3.12774349713
4.94728351433
4.2326291959
27.7120385221
29.1686401709
21.9571419166
7.24347950951
15.4395910864
7.11916477055
7.49227372799
4.41195659263
10.275853317
13.1182339591
20.8130248083
16.5024851887
13.9990623253
4.8688515039
14.2185808004
11.9198752051
8.14005882329
8.22205049611
26.546086402
0.0
15.5357142857
18.6763234358
4.63672424081
17.7515433069
18.0144080208
6.73942406807
17.3200635898
16.8523809524
16.9125874126
19.929069619
6.63495391566
4.51768569754
5.74455868419
27.4391066452
28.9425366327
12.9202181364
12.1962115705
11.579186891
12.1081378541
8.7977341472
8.04933563591
28.6884607859
29.8118182251
19.2286154723
3.86006890967
8.51786077189
2.92422030102
15.0682267102
6.23820039641
13.6496139234
12.1165705826
10.2306219954
3.77698266019
7.95233874783
15.1712470083
15.0280159903
5.59660867218
14.5821087845
15.0696988535
10.9210603207
6.59094869665
8.98893609092
9.33629650971
15.8940216391
5.87095884875
15.2873394911
10.1306791392
19.9428768546
12.6971298359
6.99953499652
5.18132124901
15.3595295112
19.5517725602
13.123306977
7.01230923265
5.61697835097
5.65507259732
7.74485119883
5.55341192773
19.4033619922
7.84332879283
20.0679851599
5.08574491724
14.4836537557
9.98435433083
17.3449966775
17.9624782685
7.99051827023
4.68609002571
18.4095965413
21.9665035621
11.9478664511
16.7011422024
12.0870531648
7.3813952123
5.76836158152
6.75488606342
13.8743575758
13.2223857897
16.9005335851
9.14025850532
18.2229475418
29.7005041506
10.4955084077
8.18840360192
6.70565252219
8.37037787606
14.0775991681
6.97316112098
20.6162094282
4.71604287052
19.6218391015
18.7100720787
7.98251883374
7.89063958357
16.7659100106
16.7687009029
10.4915424156
6.18042359986
5.08737053274
9.82059378727
6.83256161704
30.0953117627
27.4919050283
20.014792526
15.5357142857
28.6443505249
8.82563935813
4.0889952017
4.95098425594
8.11587759299
17.0307738162
10.716650453
20.6263425014
30.2575942742
27.8159850494
6.94325503078
9.25052292192
9.38830958412
29.2716310406
29.7643199731
9.60334750231
7.86556113204
10.1523093982
10.822175842
20.1135251253
3.94052077391
8.79435678929
22.681772703
7.58141371392
4.81492786484
4.53668692871
5.54682365006
17.4820146069
22.7428795287
9.3534616496
11.8113848013
16.929946354
13.2377489488
6.51872101207
28.8358792046
31.3369162558
16.176703057
12.1739653509
5.72264151943
7.90405289027
8.18431708174
15.1778788658
18.9109472971
15.5357142857
19.5990488589
7.44987192431
7.17985099793
9.22553824133
6.53015165553
4.7519236517
0.0
0.0
19.3831504106
15.9261131564
13.4804035397
13.1476814345
14.5208030056
14.7721516204
15.5357142857
29.4590021686
9.76221966593
5.6726408036
5.80231670565
27.4913957227
0.0
19.1002220601
15.5866906138
8.95675569441
11.1823322337
6.37552592352
8.4843635415
16.0208599561
22.1424928291
12.2038940028
6.63856620138
14.7668493436
18.9240155294
16.1982493023
16.5086817933
11.6185560718
17.7310535831
10.1200644678
7.70078542935
6.55375875934
6.51473192117
19.5811995077
8.1615026778
4.46089148879
10.9660907486
13.6228030894
4.29293733329
4.85327412938
5.24184611878
27.5155949314
29.061082554
7.63008226057
13.682486205
14.4467228162
11.0869554022
10.8898335712
7.57361288873
6.55194225767
6.56862869361
3.39193363355
4.60586051428
7.77798024294
28.3893285585
19.8262221018
14.1255032128
8.19850504503
14.1596542966
19.7330457285
10.0740504142
4.80427191406
16.1774503123
0.0
18.0924711764
8.00248061331
13.0417064967
18.6961583018
13.4757683915
14.5389947912
19.9398175737
16.9125874126
23.3496033488
9.7024277095
7.63613837831
14.3529707009
7.53215397694
19.955003647
19.5243641144
7.07435664822
20.2295659062
18.7258235077
3.86936093612
6.49279465257
19.51380095
17.088250866
6.95079419565
16.0620602049
3.75049101772
14.7590875846
27.2119607843
18.9749200335
9.5508288273
10.4769099103
14.0547457073
6.37582597177
18.2452131317
16.5249817018
17.5580097755
23.7616510963
14.733292702
5.72810748304
17.4201020433
15.7603354182
8.31159949988
11.3542733268
18.4835588232
7.70567383173
16.3982764692
8.67842151469
9.93210099156
5.09047787906
21.5431335888
15.5173706459
15.5173706459
23.4862971263
7.41019663127
8.65925249561
6.87497977888
6.35730086863
15.9461322262
20.4895481252
29.8285258554
5.13935020546
8.71697915184
9.63902644405
6.40060252116
12.5199737278
13.3793311013
15.0967060975
6.02318797
5.08317234045
5.72642335685
10.1224190139
14.2974357082
17.3151673261
3.23601313553
14.9954952152
10.2563035419
7.64259125988
8.77079869993
19.5075317847
30.7618451894
16.6983016983
21.3092357868
4.0831520216
30.379489282
30.6718272449
6.81902474051
8.92597077581
22.2746915639
3.42238436913
21.664948914
5.73971715142
3.53242416425
6.32156150018
8.7450909754
5.49532614273
15.2432833592
4.7628297756
19.9195542608
9.14297318475
7.5895828977
7.07016458678
8.78220729851
13.5444437475
19.8483457852
21.5730069153
15.6955428595
13.5555340314
5.82425972068
6.79095747773
9.04628298125
8.23220848747
30.077450286
16.3481203008
18.10902642
6.23042674171
8.20984298781
6.46523778419
21.1444768254
14.4004756387
27.3848625401
16.9125874126
23.4325104651
3.15140509461
3.66704378605
5.95374140916
3.5301401997
21.3953495263
5.52346626005
5.52334933754
21.761369696
4.74204310844
6.09831725863
30.1428316577
20.5290266798
7.19443649347
8.60734041005
19.2506796374
5.1362731633
10.8555588796
13.8099833857
15.8866135063
6.71104348314
27.7615463662
18.6818934463
21.2587377678
6.32944683672
4.4484472234
5.66272225329
10.9445394966
27.6992585718
26.8879202989
15.2440583559
22.7020994038
13.6502344555
12.1950629607
19.6956465435
9.28292781982
27.56221705
0.0
18.6554021997
11.7000826157
13.333092211
11.2591924203
8.04718705686
15.0566908863
11.0430596934
8.79435678929
14.577648214
14.7737820913
10.5624658499
13.7339541807
17.4830629699
15.8421661943
16.944941502
22.218435557
10.9481652164
5.52698286233
10.6362069599
9.53927384161
16.1160132544
12.0064281342
10.19898701
5.51236144016
11.1908710111
11.9763055343
13.0503839382
19.0521558034
15.6812230634
13.8824661746
14.0306669716
14.5607032383
14.0037727443
16.574027649
12.5337890828
6.62406412679
20.1222457322
14.4284609945
11.3809183677
9.30732515562
14.8742072945
19.229197974
28.5953292322
18.9590488311
7.57006623987
9.54538497912
29.9737839226
30.1761338799
7.82984065542
8.79956533885
9.52836253883
12.6091974379
8.28292643234
12.6995647912
18.3017217248
8.00493037585
22.1059406116
13.6144420987
14.4773398017
9.35637190358
12.0549604714
5.74919916959
13.1371281346
5.48518785601
15.6080540106
8.30814836211e-17
20.4323257181
15.1864255706
14.4728539289
15.7079072156
19.8884030725
21.2576687932
13.9121105371
8.70087874253
15.1426373026
8.48079675375
17.18058634
19.5688719258
30.0501116552
29.8208503107
10.1651921959
20.1227239153
14.6443791557
12.3726723806
8.55185176972
18.7029513035
16.8523809524
17.7323781601
17.961487454
13.7007746395
13.1217666171
7.46338596087
6.32669444284
27.3051429683
19.9088578089
0.0
15.5357142857
0.0
0.0
0.0
0.0
15.5357142857
17.770117602
26.8879202989
0.0
0.0
16.806993007
0.0
2.09403843232
17.125
17.8387620444
17.8387620444
0.0
27.281857222
12.0792551977
12.6698866587
14.2179768281
16.7000701377
19.0521155831
22.1286497655
20.8261570372
3.94052077391
14.0400644677
14.1035842932
14.8579478149
15.7522220259
16.3481203008
0.0
16.6983016983
19.3879671469
17.580611625
16.1094134622
9.82134906344
5.29023124584
8.18221003798
8.55872673271
10.8728675451
11.0985928363
13.9873206027
2.70735718828
9.92473615424
