15.4159560721
6.83063442879
3.52787863647
6.82099713621
6.28032528085
6.41818462021
8.20348851876
7.14850530329
6.71596960427
12.3400650922
21.3781524111
15.8323075033
7.76904096251
8.91273092057
7.51973595719
3.3417775956
4.11640718006
2.73804342029
6.03120814358
4.80952776803
4.60049238819
7.33757884193
9.46321155015
7.67095875046
6.10155975799
5.16924580168
10.3239286121
9.86715026526
12.1675400955
7.70684291253
17.3421443224
11.8530316212
10.3182971319
2.76927807245
11.8305237971
11.1040386173
5.59473064927
